Post: 1670521893753
1670521893768
Post: 1670521933857
1670521933869
1670521933874
Post: 1670521973969
1670521973982
1670521973988
1670521973992
Post: 1670522014147
1670522014161
1670522014167
1670522014173
1670522014177
Post: 1670522344101
1670522344122
Post: 1670522384193
1670522384205
1670522384211
Post: 1670522424306
1670522424319
1670522424324
1670522424330
Post: 1670522464519
1670522464531
1670522464536
1670522464540
1670522464547
Post: 1670522505173
1670522505196
1670522505202
1670522505207
1670522505212
Post: 1670522546419
1670522546433
1670522546438
1670522546442
1670522546446
Post: 1670522587243
1670522587257
1670522587273
1670522587278
1670522587283
1670522587287
Post: 1670523366283
1670523366296
Post: 1670523406441
1670523406462
1670523406467
Post: 1670523446673
1670523446685
1670523446691
1670523446697
Post: 1670523486930
1670523486946
1670523486950
1670523486954
1670523486961
Post: 1670523527319
1670523527351
1670523527356
1670523527362
1670523527366
1670523527371
Post: 1670523567794
1670523567808
1670523567813
1670523567817
1670523567822
1670523567826
1670523567832
Post: 1670523608345
1670523608362
1670523608368
1670523608373
1670523608379
1670523608385
1670523608389
1670523608395
Post: 1670523649079
1670523649094
1670523649101
1670523649107
1670523649113
1670523649119
1670523649126
1670523649132
1670523649136
Post: 1670523690233
1670523690250
1670523690256
1670523690262
1670523690268
1670523690273
1670523690278
1670523690284
1670523690289
1670523690295
Post: 1670523821346
1670523821371
Post: 1670523861516
1670523861528
1670523861533
Post: 1670523901677
1670523901708
1670523901719
1670523901724
Post: 1670523941994
1670523942007
1670523942011
1670523942016
1670523942021
Post: 1670523982344
1670523982367
1670523982372
1670523982376
1670523982382
1670523982388
Post: 1670524022816
1670524022834
1670524022840
1670524022844
1670524022848
1670524022854
1670524022859
Post: 1670524063425
1670524063441
1670524063446
1670524063451
1670524063456
1670524063460
1670524063464
1670524063471
Post: 1670524104171
1670524104186
1670524104192
1670524104197
1670524104206
1670524104211
1670524104216
1670524104223
1670524104227
Post: 1670524145449
1670524145465
1670524145471
1670524145480
1670524145485
1670524145492
1670524145497
1670524145504
1670524145511
1670524145516
Post: 1670524186509
1670524186528
1670524186532
1670524186539
1670524186544
1670524186548
1670524186554
1670524186561
1670524186565
1670524186570
1670524186575
Post: 1670524233204
1670524233466
1670524233489
1670524233510
1670524233529
1670524233549
1670524233571
1670524233591
1670524233607
1670524233608
1670524233691
1670524233727
1670524233938
Post: 1670524315115
1670524317458
1670524317497
1670524318876
1670524318912
1670524318950
1670524318986
1670524319015
1670524319051
1670524319088
1670524319117
1670524319117
1670524319347
Post: 1670524478917
1670524479110
1670524479203
1670524479496
1670524479534
1670524479564
1670524479610
1670524479661
1670524479695
1670524479729
1670524479762
1670524479762
1670524479818
Post: 1670524646880
1670524646965
1670524647051
1670524647528
1670524647582
1670524647669
1670524647733
1670524647793
1670524647856
1670524647920
1670524647941
1670524647942
1670524650035
Post: 1670524882526
1670524883809
1670524883829
1670524883847
1670524883865
1670524883917
1670524883937
1670524883959
1670524883979
1670524884000
1670524884000
1670524884034
1670524884284
Post: 1670525906223
1670525906234
Post: 1670525946399
1670525946428
1670525946446
Post: 1670525986736
1670525986752
1670525986758
1670525986762
Post: 1670526027075
1670526027090
1670526027095
1670526027100
1670526027108
Post: 1670526067621
1670526067668
1670526067673
1670526067678
1670526067682
1670526067687
Post: 1670526108256
1670526108273
1670526108277
1670526108282
1670526108290
1670526108294
1670526108300
Post: 1670526148818
1670526148831
1670526148838
1670526148843
1670526148847
1670526148853
1670526148858
1670526148862
Post: 1670526189511
1670526189527
1670526189532
1670526189538
1670526189543
1670526189547
1670526189553
1670526189558
1670526189563
Post: 1670526230618
1670526230635
1670526230641
1670526230646
1670526230652
1670526230657
1670526230663
1670526230670
1670526230676
1670526230684
Post: 1670526271637
1670526271651
1670526271657
1670526271662
1670526271667
1670526271675
1670526271679
1670526271684
1670526271690
1670526271694
1670526271699
Post: 1670526317009
1670526317028
1670526317058
1670526317073
1670526317089
1670526317104
1670526317118
1670526317130
1670526317146
1670526317162
1670526317177
1670526317343
Post: 1670526389253
1670526389511
1670526390001
1670526390027
1670526390051
1670526390079
1670526390125
1670526390147
1670526390297
1670526390415
1670526390584
1670526390742
1670526390782
Post: 1670526520597
1670526522903
1670526522948
1670526522990
1670526523024
1670526523063
1670526523104
1670526523144
1670526523145
1670526523516
1670526523767
1670526524258
1670526524335
1670526524925
Post: 1670528119565
1670528119595
Post: 1670528159798
1670528159812
1670528159818
Post: 1670528200036
1670528200049
1670528200055
1670528200060
Post: 1670528240394
1670528240415
1670528240421
1670528240426
1670528240430
Post: 1670528280710
1670528280724
1670528280728
1670528280732
1670528280737
1670528280741
Post: 1670528321165
1670528321181
1670528321186
1670528321191
1670528321196
1670528321200
1670528321206
Post: 1670528361976
1670528361989
1670528361993
1670528361998
1670528362002
1670528362007
1670528362012
1670528362017
Post: 1670528402671
1670528402688
1670528402693
1670528402698
1670528402702
1670528402708
1670528402713
1670528402718
1670528402722
Post: 1670528443936
1670528443949
1670528443954
1670528443960
1670528443965
1670528443969
1670528443974
1670528443979
1670528443983
1670528443987
Post: 1670528484930
1670528484944
1670528484949
1670528484954
1670528484958
1670528484963
1670528484967
1670528484972
1670528484978
1670528484983
1670528484987
Post: 1670528529909
1670528530009
1670528530014
1670528530020
1670528530025
1670528530030
1670528530035
1670528530039
1670528530044
1670528530048
1670528530053
1670528530057
Post: 1670528588066
1670528589285
1670528589312
1670528589381
1670528589391
1670528589453
1670528589472
1670528589484
1670528589514
1670528589526
1670528589567
1670528589689
1670528589768
Post: 1670528764717
1670528765737
1670528765746
1670528766033
1670528766052
1670528766083
1670528766117
1670528766146
1670528766170
1670528766222
1670528766248
1670528766272
1670528766287
1670528766287

